%YAML:1.0
---
myHogDector: !!opencv-object-detector-hog
   winSize: [ 64, 128 ]
   blockSize: [ 16, 16 ]
   blockStride: [ 8, 8 ]
   cellSize: [ 8, 8 ]
   nbins: 9
   derivAperture: 1
   winSigma: 4.
   histogramNormType: 0
   L2HysThreshold: 2.0000000000000001e-01
   gammaCorrection: 1
   nlevels: 64
   signedGradient: 0
   SVMDetector: [ 4.02216800e-02, 4.72232327e-02, 4.92710881e-02,
       3.61097939e-02, 5.64663205e-03, 4.40260954e-02, 2.12155636e-02,
       3.15566398e-02, 5.30056395e-02, -9.30066872e-03, 2.49502677e-02,
       4.65826467e-02, 3.28424349e-02, -2.62223780e-02, -9.24527179e-03,
       -1.29098864e-02, -4.28940542e-03, -1.26508391e-02,
       -5.91145316e-03, 2.84026470e-02, 1.57254152e-02, 5.40913176e-03,
       -1.81808714e-02, 2.27625370e-02, -4.76651778e-03, 6.58698101e-03,
       -3.04179383e-03, -1.33015076e-02, -5.90926223e-03,
       -1.28791248e-02, 3.57021159e-03, -8.16570222e-03, -1.64509704e-03,
       -3.24386507e-02, -1.71021670e-02, -8.87528062e-03,
       -2.74759941e-02, 1.39124561e-02, 6.47889078e-02, 1.94688421e-02,
       5.35327988e-03, 1.50026213e-02, 2.38342164e-03, 1.25627434e-02,
       8.78350344e-03, -4.35185544e-02, -3.55735198e-02, 2.46179141e-02,
       -5.08204335e-03, 3.02619743e-03, 2.22149231e-02, 1.50860695e-03,
       7.69229420e-03, -1.64940637e-02, 3.34280683e-03, 7.07675796e-03,
       7.91941769e-03, -8.76796618e-03, -2.40582190e-02, -1.83446389e-02,
       -2.74280775e-02, -6.91010943e-03, 2.19533546e-03, -1.20906541e-02,
       -4.05744053e-02, -6.06545713e-03, -2.35175472e-02,
       -7.29889935e-03, 1.19451515e-03, -2.60850266e-02, 9.27691814e-03,
       -9.78893507e-03, 5.71519742e-03, -8.47052597e-03, 5.24999900e-03,
       -8.92721117e-03, -5.78945316e-03, -5.33709303e-03,
       -1.63660422e-02, 2.87609175e-02, 2.03318913e-02, 1.17516080e-02,
       -7.26155331e-03, -1.42974989e-03, -2.29457300e-02,
       -3.59433293e-02, -5.41549921e-03, -1.17138075e-02, 2.98354477e-02,
       2.63236258e-02, 1.14741514e-03, -2.13451385e-02, -1.57982726e-02,
       -1.64087918e-02, -1.88821496e-03, -5.65265864e-03,
       -3.22336778e-02, 2.74308734e-02, 1.65518362e-03, -1.22532267e-02,
       -3.32243480e-02, -3.59455384e-02, -2.00026873e-02,
       -4.70169596e-02, -3.36923711e-02, -3.28289457e-02,
       -9.58307181e-03, -2.00945628e-03, -1.77542660e-02, 5.69796143e-03,
       -3.88759770e-03, -1.59833152e-02, -5.08373138e-03,
       -4.66791540e-03, 2.84049683e-03, 3.55439745e-02, 2.24372628e-03,
       -2.10847035e-02, 3.30882929e-02, -1.74237415e-02, -1.12757534e-02,
       -1.58531740e-02, -1.35971429e-02, 9.94314556e-04, -1.10049974e-02,
       -3.86869200e-02, -2.01940630e-02, 4.61411336e-03, -1.99170280e-02,
       -6.07249280e-03, 4.66852973e-04, 7.77286943e-03, 2.60753557e-03,
       2.02388372e-02, 2.76793377e-03, -3.09288707e-02, 1.58988424e-02,
       1.49733089e-02, -7.93316588e-03, 8.83624796e-03, 5.38094528e-03,
       1.97739620e-02, 4.55646106e-04, -3.87417115e-02, -1.96161456e-02,
       2.07685400e-02, 9.17024445e-04, -7.14194775e-03, 4.43339959e-04,
       -2.30182912e-02, -2.26823576e-02, -2.65639834e-02,
       -3.30938920e-02, 4.83469339e-03, 3.37810293e-02, 1.55534474e-02,
       -1.17337704e-03, 6.62943785e-06, -1.75287146e-02, -8.47077649e-03,
       -2.66618785e-02, 4.21770755e-03, -2.46514995e-02, 7.53969466e-03,
       -8.91093444e-03, 1.09258546e-02, 3.11458763e-02, 1.63110979e-02,
       2.29482707e-02, 1.95602085e-02, -3.04375887e-02, 1.40334317e-03,
       1.34524610e-02, -2.53964085e-02, -3.56526338e-02, -2.57833092e-03,
       -2.57036067e-04, -1.08422693e-02, 8.83368123e-03, 1.16356066e-03,
       1.16861714e-02, 4.63410541e-02, 2.82874051e-02, 1.99008151e-03,
       4.00104746e-03, -6.88666059e-03, 2.51507219e-02, 8.58776737e-03,
       1.91252846e-02, -6.67002331e-03, 6.17309622e-02, 4.07101661e-02,
       -1.89813618e-02, -2.37566344e-02, -3.12245376e-02, 2.06695683e-02,
       2.31581628e-02, -1.59292854e-02, -7.84182549e-03, 4.02861387e-02,
       5.23186615e-03, -2.42248829e-02, -4.32992168e-03, -6.08477136e-03,
       -2.08610520e-02, -3.51716466e-02, -1.75828058e-02, 2.02179630e-03,
       2.88949534e-02, 2.01614946e-02, -2.73198560e-02, -3.52307409e-02,
       -2.03189701e-02, 1.20903207e-02, -2.20832359e-02, -1.75152998e-02,
       1.29542174e-02, 5.11365682e-02, 2.31401678e-02, -3.73068340e-02,
       5.47141163e-03, -4.01388630e-02, 7.21712876e-03, 1.46509400e-02,
       -9.67555121e-03, 8.69379751e-03, 2.41504032e-02, 1.81030594e-02,
       -9.94608551e-03, -2.15887073e-02, -2.38944367e-02, 6.89960970e-03,
       -1.47732701e-02, 2.40754499e-03, -1.51590332e-02, 7.75732333e-03,
       1.02579119e-02, -5.20706400e-02, -2.27895891e-03, -1.54760480e-02,
       2.91826334e-02, 1.31538603e-03, -6.68257987e-03, -1.56316757e-02,
       -2.08863951e-02, 9.11106728e-03, -3.39669771e-02, -5.93665941e-03,
       1.06665473e-02, 2.26934478e-02, 3.91748641e-03, 7.24354340e-03,
       -1.85568947e-02, 1.45074157e-02, 1.52685223e-02, -1.12142926e-02,
       -4.97134076e-03, -1.37973726e-02, 1.90113746e-02, 6.32562209e-03,
       3.49214883e-03, -1.11743696e-02, 1.79362465e-02, 5.84045704e-03,
       -4.86349910e-02, -8.68712552e-03, -4.77556065e-02, 8.85570981e-03,
       4.28463006e-03, -3.19020003e-02, -1.68856718e-02, 1.18399076e-02,
       9.79090948e-03, -4.49322537e-02, 2.34158244e-02, 4.67763888e-03,
       2.06875205e-02, 1.03472304e-02, -4.23765829e-04, -9.36692487e-03,
       3.39167491e-02, 3.42682451e-02, -1.76116526e-02, 1.48772718e-02,
       -5.59918359e-02, 2.06626318e-02, 6.77670818e-03, -9.17953439e-03,
       2.54972465e-02, 5.25766462e-02, 1.19633563e-02, -4.58015949e-02,
       3.58454697e-02, -4.10677344e-02, 2.35716160e-03, 9.26467963e-03,
       -5.47596393e-03, -9.38128587e-03, 3.12652513e-02, -1.05574345e-02,
       -4.33443263e-02, -2.41035521e-02, -1.85890086e-02,
       -6.28823531e-04, 2.14006970e-04, -2.08575502e-02, 3.48618254e-02,
       3.23320627e-02, 2.41392534e-02, -1.26754716e-02, 2.02634055e-02,
       -4.24972735e-02, 2.73939390e-02, -1.05039426e-03, -7.75906770e-03,
       -2.45989393e-02, -1.33049460e-02, -2.96747196e-03,
       -3.85931209e-02, -2.27476489e-02, -9.08926222e-03, 3.50576006e-02,
       2.18365528e-02, -1.48642408e-02, -1.97025351e-02, 1.59693249e-02,
       1.53009698e-03, -1.99341010e-02, 2.02028286e-02, -5.41255064e-03,
       3.26020233e-02, 1.94900855e-02, -1.85057856e-02, -6.66110497e-03,
       2.67120525e-02, 9.78711993e-03, -4.08389745e-03, -2.11146660e-03,
       -1.76938623e-02, 2.42759828e-02, 1.36227785e-02, -3.85298803e-02,
       -2.55251843e-02, -8.12828727e-03, 1.73033532e-02, -1.60718299e-02,
       -8.14127177e-03, -4.04662546e-03, 2.44700238e-02, 1.51994685e-02,
       -2.16585025e-02, -1.00749284e-02, -1.52121077e-03, 2.96994559e-02,
       -7.26014189e-03, 1.44690853e-02, -1.94052178e-02, 2.00037602e-02,
       2.59547756e-04, -1.45920087e-02, -2.95210601e-04, -9.05569084e-03,
       1.22595644e-02, -1.60726327e-02, -1.83335077e-02, -2.24852897e-02,
       1.21234749e-02, 1.30670648e-02, -6.60793576e-03, -1.63750015e-02,
       -4.36678231e-02, 2.79415864e-02, -1.35891726e-02, -1.14574982e-02,
       -2.25544479e-02, 8.03927146e-03, -8.21715780e-03, -9.85861011e-03,
       2.13797651e-02, 9.51470714e-03, 1.44624542e-02, -5.17052691e-03,
       2.01581772e-02, -1.84704196e-02, 2.57923827e-02, -8.75165965e-03,
       3.12571996e-03, 6.24376489e-03, -5.07749524e-03, 8.30490235e-03,
       -9.07302648e-03, -1.41534805e-02, -3.36466767e-02, 2.35222299e-02,
       -1.47756441e-02, 1.29930698e-03, -1.99959334e-02, -2.38426235e-02,
       8.52719881e-03, -1.40558742e-02, 9.52032674e-03, -1.87530257e-02,
       1.34031493e-02, -2.45521194e-03, -2.07481030e-02, 5.50452736e-04,
       3.35197942e-03, 9.18408483e-03, -3.39854173e-02, 6.89188857e-03,
       -2.51056086e-02, 4.14741831e-03, -6.51264004e-03, -2.95993704e-02,
       -1.10854162e-02, -1.16329873e-02, 4.29067574e-03, 2.78919074e-03,
